[gd_scene load_steps=11 format=3 uid="uid://b7k7yvnkrubcw"]

[ext_resource type="Script" path="res://levels/level.gd" id="1_iyvut"]
[ext_resource type="PackedScene" uid="uid://uhfnt3bitx8v" path="res://character old/character.tscn" id="3_cg7ld"]
[ext_resource type="Texture2D" uid="uid://cum3ussom82gj" path="res://textures/checkerboard1.png" id="4_0fiea"]
[ext_resource type="PackedScene" uid="uid://dtc5gi3kfwlov" path="res://levels/goal.tscn" id="4_vied4"]
[ext_resource type="PackedScene" uid="uid://cn63u78j3lcqo" path="res://levels/default_physiks_cube.tscn" id="6_nqk2t"]

[sub_resource type="ProceduralSkyMaterial" id="ProceduralSkyMaterial_omgu0"]
sky_horizon_color = Color(0.64625, 0.65575, 0.67075, 1)
ground_horizon_color = Color(0.64625, 0.65575, 0.67075, 1)

[sub_resource type="Sky" id="Sky_vg5sq"]
sky_material = SubResource("ProceduralSkyMaterial_omgu0")

[sub_resource type="Environment" id="Environment_ul1m2"]
background_mode = 2
sky = SubResource("Sky_vg5sq")
tonemap_mode = 2
glow_enabled = true
glow_normalized = true
glow_bloom = 0.15
glow_blend_mode = 1
volumetric_fog_density = 0.01
volumetric_fog_albedo = Color(0.819608, 1, 0.764706, 1)

[sub_resource type="StandardMaterial3D" id="StandardMaterial3D_eq0st"]
albedo_color = Color(0.839216, 0.572549, 1, 1)
albedo_texture = ExtResource("4_0fiea")
uv1_scale = Vector3(0.4, 0.4, 0.4)
uv1_triplanar = true

[sub_resource type="StandardMaterial3D" id="StandardMaterial3D_ytr25"]
albedo_color = Color(1, 0.894118, 0, 1)
albedo_texture = ExtResource("4_0fiea")

[node name="level_4" type="Node3D"]
script = ExtResource("1_iyvut")
index = 4

[node name="DirectionalLight3D" type="DirectionalLight3D" parent="."]
transform = Transform3D(-0.866023, -0.433016, 0.250001, 0, 0.499998, 0.866027, -0.500003, 0.749999, -0.43301, 0, 0, 0)
shadow_enabled = true

[node name="WorldEnvironment" type="WorldEnvironment" parent="."]
environment = SubResource("Environment_ul1m2")

[node name="CSGCombiner3D" type="CSGCombiner3D" parent="."]
material_override = SubResource("StandardMaterial3D_eq0st")
use_collision = true

[node name="CSGBox3D" type="CSGBox3D" parent="CSGCombiner3D"]
transform = Transform3D(10, 0, 0, 0, 10, 0, 0, 0, 10, 0, 0, 0)
flip_faces = true

[node name="CSGBox3D2" type="CSGBox3D" parent="CSGCombiner3D"]
transform = Transform3D(10, 0, 0, 0, 10, 0, 0, 0, 10, 4, -5, -9)
flip_faces = true

[node name="CSGBox3D3" type="CSGBox3D" parent="CSGCombiner3D"]
transform = Transform3D(10, 0, 0, 0, 10, 0, 0, 0, 10, 8, -9, -17)
flip_faces = true

[node name="CSGBox3D4" type="CSGBox3D" parent="CSGCombiner3D"]
transform = Transform3D(10, 0, 0, 0, 10, 0, 0, 0, 10, 11, -15.3594, -24)
flip_faces = true
size = Vector3(1, 1.32813, 1)

[node name="CSGBox3D5" type="CSGBox3D" parent="CSGCombiner3D"]
transform = Transform3D(10, 0, 0, 0, 10, 0, 0, 0, 10, 8, -20, -32)
flip_faces = true

[node name="CSGBox3D6" type="CSGBox3D" parent="CSGCombiner3D"]
transform = Transform3D(10, 0, 0, 0, 10, 0, 0, 0, 10, 4, -14, -40)
flip_faces = true

[node name="CSGBox3D7" type="CSGBox3D" parent="CSGCombiner3D"]
transform = Transform3D(10, 0, 0, 0, 10, 0, 0, 0, 10, 2, -18, -49)
flip_faces = true

[node name="CSGBox3D8" type="CSGBox3D" parent="CSGCombiner3D"]
transform = Transform3D(10, 0, 0, 0, 10, 0, 0, 0, 10, -3, -24, -57)
flip_faces = true

[node name="CSGBox3D9" type="CSGBox3D" parent="CSGCombiner3D"]
transform = Transform3D(10, 0, 0, 0, 10, 0, 0, 0, 10, -2, -26, -75)
flip_faces = true
size = Vector3(1, 1, 3)

[node name="CSGBox3D10" type="CSGBox3D" parent="CSGCombiner3D"]
transform = Transform3D(10, 0, 0, 0, 9.65926, 2.58819, 0, -2.58819, 9.65926, -2, -29, -102)
flip_faces = true
size = Vector3(1, 1, 3)

[node name="CSGBox3D11" type="CSGBox3D" parent="CSGCombiner3D"]
transform = Transform3D(10, 0, 0, 0, 10, 0, 0, 0, 10, -2, -32.6155, -120.001)
flip_faces = true

[node name="character" parent="." instance=ExtResource("3_cg7ld")]
transform = Transform3D(1, 0, 0, 0, 1, 0, 0, 0, 1, 0, -3, 0)

[node name="goal" parent="." instance=ExtResource("4_vied4")]
transform = Transform3D(1, 0, 0, 0, 1, 0, 0, 0, 1, -2.16907, -35.2656, -120.694)

[node name="CSGCombiner3D2" type="CSGCombiner3D" parent="."]
material_override = SubResource("StandardMaterial3D_ytr25")
use_collision = true

[node name="CSGBox3D" type="CSGBox3D" parent="CSGCombiner3D2"]
transform = Transform3D(1, 0, 0, 0, -0.258819, 0.965926, 0, -0.965926, -0.258819, 1.5, -6.02639, -5.77113)
size = Vector3(6, 4, 1)

[node name="CSGBox3D2" type="CSGBox3D" parent="CSGCombiner3D2"]
transform = Transform3D(1, 0, 0, 0, 0.258819, 0.965926, 0, -0.965926, 0.258819, 6, -9.99681, -13.7711)
size = Vector3(7, 4, 1)

[node name="CSGBox3D3" type="CSGBox3D" parent="CSGCombiner3D2"]
transform = Transform3D(1, 0, 0, 0, 0.866025, 0.5, 0, -0.5, 0.866025, 11, -12.3075, -28.2775)
size = Vector3(11, 8, 1)

[node name="CSGBox3D4" type="CSGBox3D" parent="CSGCombiner3D2"]
transform = Transform3D(1, 0, 0, 0, -0.5, 0.866025, 0, -0.866025, -0.5, 11, -21.3075, -21.2775)
size = Vector3(11, 8, 1)

[node name="CSGBox3D5" type="CSGBox3D" parent="CSGCombiner3D2"]
transform = Transform3D(1, 0, 0, 0, -1, 1.58933e-08, 0, -1.58933e-08, -1, 4, -13.8075, -40.2775)
size = Vector3(11, 8, 2)

[node name="CSGBox3D6" type="CSGBox3D" parent="CSGCombiner3D2"]
transform = Transform3D(1, 0, 0, 0, 0.258819, -0.965926, 0, 0.965926, 0.258819, 2, -14.0316, -49.1821)
size = Vector3(11, 10, 1)

[node name="CSGBox3D7" type="CSGBox3D" parent="CSGCombiner3D2"]
transform = Transform3D(-3.09086e-08, 0.5, 0.866025, 1, -1.13133e-08, 4.2222e-08, 3.09086e-08, 0.866025, -0.5, 1.72337, -18.0316, -48.7491)
size = Vector3(11, 11, 1)

[node name="CSGBox3D8" type="CSGBox3D" parent="CSGCombiner3D2"]
transform = Transform3D(1, 0, 0, 0, -4.37114e-08, 1, 0, -1, -4.37114e-08, -1.27663, -26.0316, -52.2491)
size = Vector3(7, 8, 1)

[node name="CSGBox3D9" type="CSGBox3D" parent="CSGCombiner3D2"]
transform = Transform3D(1, 0, 0, 0, 1, 0, 0, 0, 1, -2.27663, -31.0316, -66.7491)
size = Vector3(13, 8, 2)

[node name="CSGBox3D10" type="CSGBox3D" parent="CSGCombiner3D2"]
transform = Transform3D(1, 0, 0, 0, 1, 0, 0, 0, 1, -2.27663, -29.0316, -75.0155)
size = Vector3(13, 8, 2)

[node name="CSGBox3D11" type="CSGBox3D" parent="CSGCombiner3D2"]
transform = Transform3D(1, 0, 0, 0, 0.866025, -0.5, 0, 0.5, 0.866025, -2.27663, -24.5986, -82.9991)
size = Vector3(13, 11, 1)

[node name="CSGBox3D12" type="CSGBox3D" parent="CSGCombiner3D2"]
transform = Transform3D(1, 0, 0, 0, 1, 0, 0, 2.98023e-08, 1, 1.22337, -30.5986, -99.9991)
size = Vector3(6, 11, 5)

[node name="CSGBox3D13" type="CSGBox3D" parent="CSGCombiner3D2"]
transform = Transform3D(1, 0, 0, 0, 1, 0, 0, 2.98023e-08, 1, -7.52671, -30.5986, -99.9991)
size = Vector3(6, 11, 5)

[node name="CSGBox3D14" type="CSGBox3D" parent="CSGCombiner3D2"]
transform = Transform3D(1, 0, 0, 0, 1, 0, 0, 2.98023e-08, 1, -2.30844, -31.5986, -107.999)
size = Vector3(5.56348, 11, 5)

[node name="CSGBox3D15" type="CSGBox3D" parent="CSGCombiner3D2"]
transform = Transform3D(-4.37114e-08, -1, 0, 0.965926, -3.45085e-08, 0.258819, -0.258819, 4.01002e-08, 0.965926, -2.30844, -33.3196, -107.538)
size = Vector3(2, 11, 5)

[node name="CSGBox3D16" type="CSGBox3D" parent="CSGCombiner3D2"]
transform = Transform3D(-4.37114e-08, -1, 0, 0.965926, -3.45085e-08, 0.258819, -0.258819, 4.01002e-08, 0.965926, -2.30844, -30.3196, -108.538)
size = Vector3(2, 11, 5)

[node name="CSGBox3D17" type="CSGBox3D" parent="CSGCombiner3D2"]
transform = Transform3D(-4.37114e-08, -1, 0, 0.965926, -3.45085e-08, 0.258819, -0.258819, 4.01002e-08, 0.965926, -2.30844, -27.3196, -109.538)
size = Vector3(2, 11, 5)

[node name="default_physiks-cube" parent="." instance=ExtResource("6_nqk2t")]
transform = Transform3D(1, 0, 0, 0, 1, 0, 0, 0, 1, 7, -22, -34)
