[gd_scene load_steps=13 format=3 uid="uid://bd1fl0b0q2exo"]

[ext_resource type="Script" path="res://levels/level.gd" id="1_gugcq"]
[ext_resource type="Texture2D" uid="uid://cum3ussom82gj" path="res://textures/checkerboard1.png" id="3_xmvre"]
[ext_resource type="PackedScene" uid="uid://uhfnt3bitx8v" path="res://character old/character.tscn" id="4_x7l6x"]
[ext_resource type="PackedScene" uid="uid://dtc5gi3kfwlov" path="res://levels/goal.tscn" id="5_sa1ps"]
[ext_resource type="PackedScene" uid="uid://clwar8gs32r7u" path="res://character old/grappling_hook_working.tscn" id="6_cox8b"]
[ext_resource type="PackedScene" uid="uid://cn63u78j3lcqo" path="res://levels/default_physiks_cube.tscn" id="7_13dlk"]

[sub_resource type="ProceduralSkyMaterial" id="ProceduralSkyMaterial_rvq3r"]
sky_horizon_color = Color(0.64625, 0.65575, 0.67075, 1)
ground_horizon_color = Color(0.64625, 0.65575, 0.67075, 1)

[sub_resource type="Sky" id="Sky_xdw36"]
sky_material = SubResource("ProceduralSkyMaterial_rvq3r")

[sub_resource type="Environment" id="Environment_2r2f3"]
background_mode = 2
sky = SubResource("Sky_xdw36")
tonemap_mode = 2
glow_enabled = true
glow_normalized = true
glow_bloom = 0.15
glow_blend_mode = 1
volumetric_fog_enabled = true
volumetric_fog_density = 0.2
volumetric_fog_albedo = Color(0.455389, 1, 0.446269, 1)

[sub_resource type="StandardMaterial3D" id="StandardMaterial3D_tbmxa"]
albedo_color = Color(0.282353, 0.701961, 0, 1)
albedo_texture = ExtResource("3_xmvre")

[sub_resource type="StandardMaterial3D" id="StandardMaterial3D_8ud1h"]
albedo_color = Color(0.231373, 1, 1, 1)
albedo_texture = ExtResource("3_xmvre")
uv1_triplanar = true

[sub_resource type="StandardMaterial3D" id="StandardMaterial3D_qyw04"]
albedo_color = Color(0.592157, 1, 1, 1)
albedo_texture = ExtResource("3_xmvre")
uv1_triplanar = true

[node name="level_8" type="Node3D"]
script = ExtResource("1_gugcq")
index = 8

[node name="WorldEnvironment" type="WorldEnvironment" parent="."]
environment = SubResource("Environment_2r2f3")

[node name="DirectionalLight3D" type="DirectionalLight3D" parent="."]
transform = Transform3D(-0.866023, -0.433016, 0.250001, 0, 0.499998, 0.866027, -0.500003, 0.749999, -0.43301, 0, 0, 0)
shadow_enabled = true

[node name="CSGCombiner3D" type="CSGCombiner3D" parent="."]
material_override = SubResource("StandardMaterial3D_tbmxa")
use_collision = true

[node name="CSGBox3D" type="CSGBox3D" parent="CSGCombiner3D"]
transform = Transform3D(12, 0, 0, 0, 12, 0, 0, 0, 12, 0, 0, 0)
flip_faces = true

[node name="CSGBox3D2" type="CSGBox3D" parent="CSGCombiner3D"]
transform = Transform3D(12, 0, 0, 0, 12, 0, 0, 0, 12, 3, 0, -12)
flip_faces = true

[node name="CSGBox3D3" type="CSGBox3D" parent="CSGCombiner3D"]
transform = Transform3D(12, 0, 0, 0, 12, 0, 0, 0, 12, 5, 0, -23)
flip_faces = true

[node name="CSGBox3D4" type="CSGBox3D" parent="CSGCombiner3D"]
transform = Transform3D(12, 0, 0, 0, 12, 0, 0, 0, 12, -6, 0, -26)
flip_faces = true

[node name="CSGBox3D5" type="CSGBox3D" parent="CSGCombiner3D"]
transform = Transform3D(12, 0, 0, 0, 12, 0, 0, 0, 12, -18, 0, -23)
flip_faces = true

[node name="CSGBox3D6" type="CSGBox3D" parent="CSGCombiner3D"]
transform = Transform3D(12, 0, 0, 0, 12, 0, 0, 0, 12, -23, 0, -11)
flip_faces = true

[node name="CSGBox3D7" type="CSGBox3D" parent="CSGCombiner3D"]
transform = Transform3D(15, 0, 0, 0, 15, 0, 0, 0, 15, -23, 9, 2)
flip_faces = true

[node name="CSGBox3D8" type="CSGBox3D" parent="CSGCombiner3D"]
transform = Transform3D(15, 0, 0, 0, 15, 0, 0, 0, 15, -11, 20, 14)
flip_faces = true

[node name="CSGBox3D9" type="CSGBox3D" parent="CSGCombiner3D"]
transform = Transform3D(15, 0, 0, 0, 15, 0, 0, 0, 15, 2, 29, 3)
flip_faces = true

[node name="CSGBox3D10" type="CSGBox3D" parent="CSGCombiner3D"]
transform = Transform3D(15, 0, 0, 0, 15, 0, 0, 0, 15, -9, 46.5, -7)
flip_faces = true
size = Vector3(1, 2, 1)

[node name="CSGBox3D11" type="CSGBox3D" parent="CSGCombiner3D"]
transform = Transform3D(15, 0, 0, 0, 15, 0, 0, 0, 15, -20, 64, -15)
flip_faces = true

[node name="CSGBox3D12" type="CSGBox3D" parent="CSGCombiner3D"]
transform = Transform3D(10, 0, 0, 0, 10, 0, 0, 0, 10, -29, 64, -24)
flip_faces = true

[node name="CSGCombiner3D2" type="CSGCombiner3D" parent="."]
material_override = SubResource("StandardMaterial3D_8ud1h")
use_collision = true

[node name="CSGBox3D" type="CSGBox3D" parent="CSGCombiner3D2"]
transform = Transform3D(1, 0, 0, 0, 1, 0, 0, 0, 1, 0, -4.06843, 0)
size = Vector3(13, 2, 1)

[node name="CSGBox3D2" type="CSGBox3D" parent="CSGCombiner3D2"]
transform = Transform3D(0.866025, 0, -0.5, 0, 1, 0, 0.5, 0, 0.866025, 1.68301, -3.4886, -6.18301)
size = Vector3(14, 3, 2)

[node name="CSGBox3D3" type="CSGBox3D" parent="CSGCombiner3D2"]
transform = Transform3D(1, 0, 0, 0, 1, 0, 0, 0, 1, 3.43301, -4, -12.75)
size = Vector3(14, 5, 1)

[node name="CSGBox3D4" type="CSGBox3D" parent="CSGCombiner3D2"]
transform = Transform3D(0.965926, 0, 0.258819, 0, 1, 0, -0.258819, 0, 0.965926, 4.43301, -1, -20.75)
size = Vector3(14, 5, 1)

[node name="CSGBox3D5" type="CSGBox3D" parent="CSGCombiner3D2"]
transform = Transform3D(0.707107, 0, 0.707107, 0, 1, 0, -0.707107, 0, 0.707107, 2.72591, -5, -24.4571)
size = Vector3(14, 5, 3)

[node name="CSGBox3D6" type="CSGBox3D" parent="CSGCombiner3D2"]
transform = Transform3D(0.258819, 0, 0.965926, 0, 1, 0, -0.965926, 0, 0.258819, -1.56699, -4.5, -24.75)
size = Vector3(14, 6, 1)

[node name="CSGBox3D8" type="CSGBox3D" parent="CSGCombiner3D2"]
transform = Transform3D(0, 0, 1, 0, 1, 0, -1, 0, 0, -12.567, -4.5, -23.75)
size = Vector3(14, 6, 1)

[node name="CSGBox3D9" type="CSGBox3D" parent="CSGCombiner3D2"]
transform = Transform3D(-0.866026, 0.5, 2.18557e-08, 0, -4.37114e-08, 1, 0.5, 0.866025, 3.78552e-08, -20.067, -2.09972, -21.75)
size = Vector3(14, 5, 1)

[node name="CSGBox3D10" type="CSGBox3D" parent="CSGCombiner3D2"]
transform = Transform3D(0.199365, 0.962247, -0.185295, -0.937422, 0.242363, 0.25, 0.28547, 0.123859, 0.95035, -20.067, -1.09972, -7.75)
size = Vector3(14, 5, 1)

[node name="CSGBox3D11" type="CSGBox3D" parent="CSGCombiner3D2"]
transform = Transform3D(0.199365, 0.962247, -0.185295, -0.518366, -0.0569102, -0.853263, -0.831595, 0.266161, 0.48745, -28.067, -2.09972, -10.75)
size = Vector3(14, 5, 1)

[node name="CSGBox3D12" type="CSGBox3D" parent="CSGCombiner3D2"]
transform = Transform3D(0.866025, 0.482963, 0.12941, 0, 0.258819, -0.965926, -0.5, 0.836516, 0.224144, -18.567, 16.9003, 6.25)
size = Vector3(9, 5, 1)

[node name="CSGBox3D13" type="CSGBox3D" parent="CSGCombiner3D2"]
transform = Transform3D(-0.707107, 0.683013, 0.183013, 0, 0.258819, -0.965926, -0.707107, -0.683013, -0.183013, -4.56699, 27.9003, 7.25)
size = Vector3(9, 5, 1)

[node name="CSGBox3D14" type="CSGBox3D" parent="CSGCombiner3D2"]
transform = Transform3D(-0.707107, -0.683012, -0.183013, -8.88178e-16, 0.258819, -0.965926, 0.707107, -0.683012, -0.183013, -1.56699, 36.9003, -0.75)
size = Vector3(9, 5, 1)

[node name="CSGBox3D15" type="CSGBox3D" parent="CSGCombiner3D2"]
transform = Transform3D(-0.707107, -0.683012, -0.183013, -8.88178e-16, 0.258819, -0.965926, 0.707107, -0.683012, -0.183013, -13.567, 61.9003, -9.75)
size = Vector3(9, 5, 1)

[node name="CSGBox3D7" type="CSGBox3D" parent="CSGCombiner3D2"]
transform = Transform3D(0.224144, 0.5, 0.836516, -0.12941, 0.866025, -0.482963, -0.965926, 0, 0.258819, -6.31699, -1.06699, -24.75)
size = Vector3(14, 7, 1)

[node name="CSGCombiner3D3" type="CSGCombiner3D" parent="."]
material_override = SubResource("StandardMaterial3D_qyw04")
use_collision = true

[node name="CSGCylinder3D" type="CSGCylinder3D" parent="CSGCombiner3D3"]
transform = Transform3D(0.707107, -0.707107, 0, 0.707107, 0.707107, 0, 0, 0, 1, 0, 0, 0)
height = 18.0

[node name="CSGCylinder3D2" type="CSGCylinder3D" parent="CSGCombiner3D3"]
transform = Transform3D(0.612372, -0.612372, 0.5, 0.707107, 0.707107, 0, -0.353553, 0.353553, 0.866025, 2, 0, -7)
height = 18.0

[node name="CSGCylinder3D3" type="CSGCylinder3D" parent="CSGCombiner3D3"]
transform = Transform3D(0.353553, -0.353553, 0.866025, 0.707107, 0.707107, 0, -0.612372, 0.612372, 0.5, 1, 0, -15)
height = 18.0

[node name="CSGCylinder3D4" type="CSGCylinder3D" parent="CSGCombiner3D3"]
transform = Transform3D(-0.183013, 0.183013, 0.965926, 0.707107, 0.707107, 0, -0.683013, 0.683013, -0.258819, 5, 0, -26)
height = 18.0

[node name="CSGCylinder3D5" type="CSGCylinder3D" parent="CSGCombiner3D3"]
transform = Transform3D(-0.5, 0.5, 0.707107, 0.707107, 0.707107, 0, -0.5, 0.5, -0.707107, -7, 0, -27)
height = 18.0

[node name="CSGCylinder3D6" type="CSGCylinder3D" parent="CSGCombiner3D3"]
transform = Transform3D(-0.183013, 0.183013, 0.965926, 0.707107, 0.707107, 0, -0.683013, 0.683013, -0.258819, -12, 0, -25)
height = 18.0

[node name="CSGCylinder3D7" type="CSGCylinder3D" parent="CSGCombiner3D3"]
transform = Transform3D(-0.5, 0.5, 0.707107, 0.707107, 0.707107, 0, -0.5, 0.5, -0.707107, -17, 0, -20)
height = 18.0

[node name="CSGCylinder3D8" type="CSGCylinder3D" parent="CSGCombiner3D3"]
transform = Transform3D(-0.683013, 0.683013, 0.258819, 0.707107, 0.707107, 0, -0.183013, 0.183013, -0.965926, -20, 0, -14)
height = 18.0

[node name="CSGCylinder3D9" type="CSGCylinder3D" parent="CSGCombiner3D3"]
transform = Transform3D(-0.612373, 0.612372, 0.5, 0.707107, 0.707107, -2.10734e-08, -0.353553, 0.353553, -0.866026, -25, 0, -9)
height = 18.0

[node name="CSGCylinder3D10" type="CSGCylinder3D" parent="CSGCombiner3D3"]
transform = Transform3D(1, 0, 0, 0, 1, 0, 0, 0, 1, -18, 8, -4)
height = 18.0

[node name="CSGCylinder3D11" type="CSGCylinder3D" parent="CSGCombiner3D3"]
transform = Transform3D(1, 0, 0, 0, 1, 0, 0, 0, 1, -16, 8, -2)
height = 18.0

[node name="CSGCylinder3D12" type="CSGCylinder3D" parent="CSGCombiner3D3"]
transform = Transform3D(1, 0, 0, 0, 1, 0, 0, 0, 1, -29, 8, 4)
height = 18.0

[node name="CSGCylinder3D13" type="CSGCylinder3D" parent="CSGCombiner3D3"]
transform = Transform3D(1, 0, 0, 0, 1, 0, 0, 0, 1, -27, 8, 7)
height = 18.0

[node name="CSGCylinder3D25" type="CSGCylinder3D" parent="CSGCombiner3D3"]
transform = Transform3D(0.866025, 0.433013, -0.25, 0, 0.5, 0.866026, 0.5, -0.75, 0.433013, -25, 8, 3)
height = 24.0

[node name="CSGCylinder3D26" type="CSGCylinder3D" parent="CSGCombiner3D3"]
transform = Transform3D(-0.866025, 0.433013, -0.25, -7.19671e-09, 0.5, 0.866026, 0.5, 0.75, -0.433013, -8, 20, 12)
height = 24.0

[node name="CSGCylinder3D27" type="CSGCylinder3D" parent="CSGCombiner3D3"]
transform = Transform3D(0.707107, 0.612373, -0.353553, -2.01015e-08, 0.5, 0.866026, 0.707107, -0.612373, 0.353553, -2, 26, -3)
height = 24.0

[node name="CSGCylinder3D28" type="CSGCylinder3D" parent="CSGCombiner3D3"]
transform = Transform3D(0.707107, 0.612373, -0.353553, -2.01015e-08, 0.5, 0.866026, 0.707107, -0.612373, 0.353553, -13, 38, -9)
height = 24.0

[node name="CSGCylinder3D29" type="CSGCylinder3D" parent="CSGCombiner3D3"]
transform = Transform3D(-0.5, 0.75, -0.433013, -2.01015e-08, 0.5, 0.866026, 0.866026, 0.433013, -0.25, -8, 45, -8)
height = 24.0

[node name="CSGCylinder3D30" type="CSGCylinder3D" parent="CSGCombiner3D3"]
transform = Transform3D(0.258819, 0.836516, -0.482963, 7.70444e-09, 0.5, 0.866026, 0.965926, -0.224144, 0.12941, -8, 48, -8)
height = 24.0

[node name="CSGCylinder3D31" type="CSGCylinder3D" parent="CSGCombiner3D3"]
transform = Transform3D(-0.866025, -0.433013, 0.25, 1.43844e-08, 0.5, 0.866026, -0.5, 0.75, -0.433013, -8, 49, -8)
height = 24.0

[node name="CSGCylinder3D32" type="CSGCylinder3D" parent="CSGCombiner3D3"]
transform = Transform3D(-0.866025, 0.433013, -0.25, 1.43844e-08, 0.5, 0.866026, 0.5, 0.75, -0.433013, -8, 55, -8)
height = 24.0

[node name="CSGCylinder3D33" type="CSGCylinder3D" parent="CSGCombiner3D3"]
transform = Transform3D(0.707107, -0.707107, 3.09086e-08, 0, -4.37114e-08, -1, 0.707107, 0.707107, -3.09086e-08, -19, 58, -17)
height = 24.0

[node name="CSGCylinder3D34" type="CSGCylinder3D" parent="CSGCombiner3D3"]
transform = Transform3D(0.707107, -0.707107, 3.09086e-08, 0, -4.37114e-08, -1, 0.707107, 0.707107, -3.09086e-08, -19, 59, -17)
height = 24.0

[node name="CSGCylinder3D35" type="CSGCylinder3D" parent="CSGCombiner3D3"]
transform = Transform3D(0.707107, -0.707107, 3.09086e-08, 0, -4.37114e-08, -1, 0.707107, 0.707107, -3.09086e-08, -19, 60, -17)
height = 24.0

[node name="CSGCylinder3D36" type="CSGCylinder3D" parent="CSGCombiner3D3"]
transform = Transform3D(0.707107, -0.707107, 3.09086e-08, 0, -4.37114e-08, -1, 0.707107, 0.707107, -3.09086e-08, -19, 61, -17)
height = 24.0

[node name="CSGCylinder3D14" type="CSGCylinder3D" parent="CSGCombiner3D3"]
transform = Transform3D(1, 0, 0, 0, 1, 0, 0, 0, 1, -16, 22, 19)
height = 18.0

[node name="CSGCylinder3D15" type="CSGCylinder3D" parent="CSGCombiner3D3"]
transform = Transform3D(1, 0, 0, 0, 1, 0, 0, 0, 1, -12, 22, 20)
height = 18.0

[node name="CSGCylinder3D16" type="CSGCylinder3D" parent="CSGCombiner3D3"]
transform = Transform3D(1, 0, 0, 0, 1, 0, 0, 0, 1, -9, 22, 19)
height = 18.0

[node name="CSGCylinder3D17" type="CSGCylinder3D" parent="CSGCombiner3D3"]
transform = Transform3D(1, 0, 0, 0, 1, 0, 0, 0, 1, -6, 22, 18)
height = 18.0

[node name="CSGCylinder3D18" type="CSGCylinder3D" parent="CSGCombiner3D3"]
transform = Transform3D(1, 0, 0, 0, 1, 0, 0, 0, 1, 4, 22, 7)
radius = 1.0
height = 18.0

[node name="CSGCylinder3D19" type="CSGCylinder3D" parent="CSGCombiner3D3"]
transform = Transform3D(1, 0, 0, 0, 1, 0, 0, 0, 1, 6, 25, 4)
radius = 1.0
height = 18.0

[node name="CSGCylinder3D20" type="CSGCylinder3D" parent="CSGCombiner3D3"]
transform = Transform3D(1, 0, 0, 0, 1, 0, 0, 0, 1, 5, 25, 0)
radius = 1.0
height = 26.0

[node name="CSGCylinder3D21" type="CSGCylinder3D" parent="CSGCombiner3D3"]
transform = Transform3D(1, 0, 0, 0, 1, 0, 0, 0, 1, -3, 43, -14)
radius = 1.0
height = 38.0

[node name="CSGCylinder3D22" type="CSGCylinder3D" parent="CSGCombiner3D3"]
transform = Transform3D(1, 0, 0, 0, 1, 0, 0, 0, 1, -15, 43, -2)
radius = 1.0
height = 38.0

[node name="CSGCylinder3D23" type="CSGCylinder3D" parent="CSGCombiner3D3"]
transform = Transform3D(1, 0, 0, 0, 1, 0, 0, 0, 1, -26, 48, -10)
radius = 1.0
height = 50.0

[node name="CSGCylinder3D24" type="CSGCylinder3D" parent="CSGCombiner3D3"]
transform = Transform3D(1, 0, 0, 0, 1, 0, 0, 0, 1, -15, 48, -20)
radius = 1.0
height = 50.0

[node name="character" parent="." instance=ExtResource("4_x7l6x")]
transform = Transform3D(1, 0, 0, 0, 1, 0, 0, 0, 1, 1, -4, 4)

[node name="goal" parent="." instance=ExtResource("5_sa1ps")]
transform = Transform3D(1, 0, 0, 0, 1, 0, 0, 0, 1, -30, 62, -25)

[node name="grappling_hook_working" parent="." instance=ExtResource("6_cox8b")]
transform = Transform3D(1, 0, 0, 0, 1, 0, 0, 0, 1, -22, 2, 3)

[node name="OmniLight3D" type="OmniLight3D" parent="."]
transform = Transform3D(1, 0, 0, 0, 1, 0, 0, 0, 1, -22, 2, 3)
omni_range = 10.0

[node name="OmniLight3D2" type="OmniLight3D" parent="."]
transform = Transform3D(1, 0, 0, 0, 1, 0, 0, 0, 1, -12.2248, 14.3343, 12.6697)
omni_range = 14.0

[node name="default_physiks-cube" parent="." instance=ExtResource("7_13dlk")]
transform = Transform3D(1, 0, 0, 0, 1, 0, 0, 0, 1, 2.80862, -1.40993, -25.3497)

[node name="default_physiks-cube2" parent="." instance=ExtResource("7_13dlk")]
transform = Transform3D(1, 0, 0, 0, 1, 0, 0, 0, 1, -17.1914, -4.40993, -22.3497)
